# 1 2 3 4 5 6 7 8 9

+ 5 5 0 0 5 0 0 0 0 

- 5 5 5 0 5 0 0 0 1 
~ 5 5 5 5 5 0 0 0 0 
~ 5 5 5 0 5 5 0 0 1 
~ 5 5 5 0 5 0 5 0 0 
~ 5 5 5 0 5 0 0 5 1 
~ 5 5 5 5 5 5 5 5 5 

- 5 5 0 5 5 0 0 0 1 
~ 5 5 5 5 5 0 0 0 0 
~ 5 5 0 5 5 5 0 0 1 
~ 5 5 0 5 5 0 5 0 0 
~ 5 5 0 5 5 0 0 5 1 
~ 5 5 5 5 5 5 5 5 5 

- 5 5 0 0 5 5 0 0 1 
~ 5 5 5 0 5 5 0 0 0 
~ 5 5 0 5 5 5 0 0 1 
~ 5 5 0 0 5 5 5 0 0 
~ 5 5 0 0 5 5 0 5 1 
~ 5 5 5 5 5 5 5 5 5 

- 5 5 0 0 5 0 5 0 1 
~ 5 5 5 0 5 0 5 0 0 
~ 5 5 0 5 5 0 5 0 1 
~ 5 5 0 0 5 5 5 0 0 
~ 5 5 0 0 5 0 5 5 1 
~ 5 5 5 5 5 5 5 5 5 

- 5 5 0 0 5 0 0 5 1 
~ 5 5 5 0 5 0 0 5 0 
~ 5 5 0 5 5 0 0 5 1 
~ 5 5 0 0 5 5 0 5 0 
~ 5 5 0 0 5 0 5 5 1 
~ 5 5 5 5 5 5 5 5 5 

- 5 5 0 0 5 0 0 0 5 
~ 5 5 5 0 5 0 0 0 5 
~ 5 5 0 5 5 0 0 0 5 
~ 5 5 0 0 5 5 0 0 5 
~ 5 5 0 0 5 0 5 0 5 
~ 5 5 0 0 5 0 0 5 5 




@ 5 5 0 0 5 0 0 0 1 